p0 = 3.58845e+06 Pa
T0 = 3003.57 K
h0 = 3.73161e+06 J/kg
pe = 7604.39 Pa
Te = 725.433 K
he = 901271. J/kg
Ae/At = 29.6621
Ld = 0.827751 m
Me = 4.57557
mdot = 55.5413 kg/s
cstar = 1390.72 m/s
C_F = 1.77364
Isp = 251.527 s
C_F_corr = 1.73339
Ft_corr = 133891. N
Isp_corr = 245.819 s
lambda_d = 0.976474
theta_e = 17.6459 s
Flow condition = underexpanded w/ expansion fan outside
Turning angle = 75.4386 deg
