p0 = 3.58845e+06 Pa
T0 = 3003.57 K
h0 = 3.73161e+06 J/kg
pe = 178979. Pa
Te = 2936.20 K
he = 3.64791e+06 J/kg
Ae/At = 29.6621
Ld = 0.935652 m
Me = 0.391114
mdot = 70.9651 kg/s
cstar = 1390.72 m/s
C_F = 1.38815
Isp = 196.859 s
C_F_corr = 1.35549
Ft_corr = 133777. N
Isp_corr = 192.228 s
lambda_d = 0.976474
theta_e = 17.6459 s
Flow condition = overexpanded w/ normal shock at exit
Shock x_loc = 10.00
