p0 = 3.58845e+06 Pa
T0 = 3003.57 K
h0 = 3.73161e+06 J/kg
pe = 2.99328e+06 Pa
Te = 3003.45 K
he = 3.73146e+06 J/kg
Ae/At = 29.6621
Ld = 1.88472 m
Me = 0.0165030
mdot = 287.945 kg/s
cstar = 1390.72 m/s
C_F = 0.342114
Isp = 48.5166 s
C_F_corr = 0.332758
Ft_corr = 133253. N
Isp_corr = 47.1897 s
lambda_d = 0.976474
theta_e = 17.6459 s
Flow condition = overexpanded w/ normal shock inside
Shock x_loc = 0.79
