p0 = 3.58845e+06 Pa
T0 = 3003.57 K
h0 = 3.73161e+06 J/kg
pe = 3.58754e+06 Pa
Te = 3003.40 K
he = 3.73139e+06 J/kg
Ae/At = 29.6621
Ld = 8.99692 m
Me = 0.0197343
mdot = 6561.51 kg/s
cstar = 1390.72 m/s
C_F = 0.0150133
Isp = 2.12910 s
C_F_corr = 0.0146601
Ft_corr = 133777. N
Isp_corr = 2.07901 s
lambda_d = 0.976474
theta_e = 17.6459 s
Flow condition = choked subsonic isentropic
