p0 = 3.58845e+06 Pa
T0 = 3003.57 K
h0 = 3.73161e+06 J/kg
pe = 7604.39 Pa
Te = 725.433 K
he = 901271. J/kg
Ae/At = 29.6621
Ld = 0.842821 m
Me = 4.57557
mdot = 57.5820 kg/s
cstar = 1390.72 m/s
C_F = 1.71078
Isp = 242.613 s
C_F_corr = 1.67053
Ft_corr = 133777. N
Isp_corr = 236.905 s
lambda_d = 0.976474
theta_e = 17.6459 s
Flow condition = choked supersonic isentropic
