p0 = 3.58845e+06 Pa
T0 = 3003.57 K
h0 = 3.73161e+06 J/kg
pe = 7604.39 Pa
Te = 725.433 K
he = 901271. J/kg
Ae/At = 29.6621
Ld = 1.10885 m
Me = 4.57557
mdot = 99.6694 kg/s
cstar = 1390.72 m/s
C_F = 0.988368
Isp = 140.165 s
C_F_corr = 0.948120
Ft_corr = 131421. N
Isp_corr = 134.457 s
lambda_d = 0.976474
theta_e = 17.6459 s
Flow condition = overexpanded w/ oblique shock
Shock angle = 46.9137 deg
